  3.3666692e-03  2.8907738e-03 -1.5726374e-03  5.6008651e-04
  1.3413787e-03  1.9662681e-03  3.2677213e-03 -1.5210574e-03
  3.7472032e-03  3.1973361e-03 -3.0214870e-03 -3.8362185e-03
  4.3733945e-04  3.7068629e-03 -3.3495317e-03 -3.1470445e-03
  4.9078674e-03  4.7214567e-03 -3.0736702e-03  3.3716590e-03
 -1.3265970e-04 -2.6286494e-03  2.1074414e-03  4.2782067e-03
  6.9067773e-04  2.8748887e-03  2.4386500e-03  2.8156624e-03
  1.2145729e-03 -3.0121943e-03 -3.7500530e-03  2.0520869e-03
  4.9035666e-03 -3.4851322e-03 -3.1971236e-04 -2.2491805e-04
  1.7936915e-03 -2.0515090e-03 -3.9748685e-03 -2.8072640e-03
  3.7268868e-03  4.1601574e-03 -4.9583847e-03 -2.3638387e-03
  2.7888028e-03  8.8317133e-04 -1.3257291e-03  4.0626954e-03
  1.2551646e-03  1.5884259e-03  2.2248854e-03 -3.1306001e-03
 -3.5124936e-03 -2.8796217e-03 -4.3506697e-03 -2.1763651e-04
  5.0782162e-04  3.0215951e-03 -3.1911370e-03  4.6661608e-03
 -2.9475843e-03  1.8216531e-03  1.4774000e-03  3.8547099e-03
  4.8194607e-03  4.2775781e-03  2.7762507e-03  3.9655534e-03
  3.0499736e-03  2.1057264e-03 -1.9559399e-03  1.2871478e-03
 -4.7723362e-03 -2.5664119e-03 -1.5655909e-03  3.3964100e-03
  3.7552158e-03 -3.2684130e-03  3.3580465e-03 -4.2512063e-03
 -3.8569453e-03  4.7492180e-03 -2.5575347e-03 -4.9686799e-04
  2.9276200e-03 -1.5143371e-03 -3.3499827e-03  1.5151370e-03
  3.5876103e-05 -2.0410155e-03  3.2558176e-04 -1.4085810e-03
 -3.6945951e-03 -4.0280754e-03  4.8934384e-03 -4.4577247e-03
  3.9046854e-03 -3.7990480e-03  3.8247861e-03  2.4507763e-03]